len 23
1206
661
382
576
661
497
58
972
1348
576
479
972
638
1024
196
367
1174
302
361
160
1063
1417
398
921
1190
671
1128
776
230
332
382
299
1266
514
1363
873
1067
1172
234
1331
334
403
1513
1097
1459
383
1311
657
1435
106
1469
1493
744
1305
1339
1335
1436
1073
488
1155
892
789
504
1130
985
800
97
894
1500
338
761
1256
1502
672
1056
1141
870
275
869
655
1576
214
1422
767
187
1203
1012
1146
55
1179
107
778
1557
254
906
703
812
501
1184
268
795
1398
1334
327
5
1196
258
1089
312
509
609
1199
1237
549
810
1505
1042
961
144
781
548
1018
959
673
811
175
893
1135
57
935
1048
1222
452
960
457
782
710
1564
24
197
1205
675
1423
189
236
279
586
1171
834
1293
669
719
1442
580
239
1214
470
400
503
206
1208
1270
1007
963
1268
1292
511
274
997
712
769
561
179
1381
3
1170
242
93
920
848
248
973
153
1307
785
1019
92
1161
1001
1410
481
937
321
955
1
530
330
12
578
13
962
402
367
1535
1354
818
620
784
38
1164
791
662
1029
416
1347
491
1183
1287
152
1302
329
247
518
1198
1159
763
289
1051
1085
1529
1163
559
1539
1034
1497
1453
1508
1053
711
1125
1386
754
39
1463
563
674
1082
467
622
1342
1432
352
653
1052
1326
1452
938
590
660
585
423
1027
841
148
891
1165
968
1254
127
1008
970
823
555
1118
704
1555
1206
1477
388
644
1447
300
447
637
33
1554
87
860
321
1372
777
1489
428
32
869
1460
790
765
769
1472
50
255
1195
485
1330
1457
684
1550
1193
1246
443
1121
231
868
1542
562
438
1322
373
939
1030
1467
225
1448
200
1296
571
330
1100
776
105
1552
1378
752
1353
89
1534
553
680
1130
353
1230
756
1273
457
83
1441
1438
670
1250
1131
466
590
226
343
928
1365
610
1463
920
1316
1089
1433
306
439
1268
789
740
649
1511
1235
63
1493
416
1292
1006
521
217
337
1529
154
1243
68
816
544
235
1449
741
392
1044
301
1172
1471
8
536
1035
1210
264
1531
1429
454
4
35
1225
1383
825
1348
1363
1282
366
58
299
515
1206
230
140
351
35
1225
58
450
1225
299
1383
1282
35
535
825
661
134
972
378
873
972
497
1383
58
661
382
366
140
450
98
1282
535
351
1266
299
1107
1480
825
351
1173
1383
873
1266
len 13
1206
661
382
576
661
58
638
1024
196
367
1174
302
361
160
1063
1417
398
921
1190
671
1128
776
230
382
1206
1477
388
644
1447
300
447
637
33
1554
87
860
321
1372
777
1489
428
32
869
1460
790
765
769
1472
50
255
1195
485
1330
1457
684
1550
1193
1246
443
1121
231
868
1542
562
438
1322
373
939
1030
1467
225
1448
200
1296
571
330
1100
776
105
1552
1378
752
1353
89
1534
553
680
1130
353
1230
756
1273
457
83
1441
1438
670
1250
1131
466
590
226
343
928
1365
610
1463
920
1316
1089
1433
306
439
1268
789
740
649
1511
1235
63
1493
416
1292
1006
521
217
337
1529
154
1243
68
816
544
235
1449
741
392
1044
301
1172
1471
8
536
1035
1210
264
1531
1429
454
4
1383
825
366
299
515
230
140
35
450
299
1383
1282
535
825
378
873
497
58
661
366
140
450
98
1173
1383
len 8
1206
661
638
1024
196
367
1174
302
361
160
1063
1417
398
921
1190
671
1128
776
230
382
1206
1477
388
644
1447
300
447
637
33
1554
87
860
321
1372
777
1489
428
32
869
1460
790
765
769
1472
50
255
1195
485
1330
1457
684
1550
1193
1246
443
1121
231
868
1542
562
438
1322
373
939
1030
1467
225
1448
200
1296
571
330
1100
776
105
1552
1378
752
1353
89
1534
553
680
1130
353
1230
756
1273
457
83
1441
1438
670
1250
1131
466
590
226
343
928
1365
610
1463
920
1316
1089
1433
306
439
1268
789
740
649
1511
1235
63
1493
416
1292
1006
521
217
337
1529
154
1243
68
816
544
235
1449
741
392
1044
301
1172
1471
8
536
1035
1210
264
1531
1429
454
4
366
515
450
1383
378
497
661
140
450
1173
1383
len 3
638
1024
196
367
1174
302
361
160
1063
1417
398
921
1190
671
1128
776
378
661
len 1
638
1024
196
367
1174
302
361
160
1063
1417
398
921
1190
671
1128
776
638,0 1024,0 196,0 367,0 1174,0 302,0 361,0 160,0 1063,0 1417,0 398,0 921,0 1190,0 671,0 1128,0 776,0 
YES
