20
232959116 56689
4 9 1 999903057
110 53
7 7 1 64417
186 75
68 16 539 186
1000000000 100000
999999999 1 999999999 1000000000
98 59
6 30 524 98
66 39
35 2 589 66
46 18
7 11 9 46
59 26
14 19 681 59
218492221 46085
3 7 1 999969453
137 49
48 17 461 137
977365070 59489
8 5 9 999966210
1000000000 100000
99999 1 99999 100000
1000000000 1
12 7 74 12
1000000000 100000
1 1 0 2
640834505 28785
3 9 1 999946125
82 81
58 56 739 82
249718282 93729
1 5 6 999917908
78 51
3 5 5 51230
112 73
1 5 3 64100
220 88
1 8 3 58265
