Case #1:
1 5
3 5
1 5
1 5
1 5
1 5
1 5
1 5
Case #2:
1 3
1 3
2 3
2 3
Case #3:
2 3
1 3
2 3
1 3
Case #4:
2 2
1 1
Case #5:
1 3
2 3
2 3
1 3
Case #6:
2 2
1 1
Case #7:
2 2
1 1
Case #8:
3 3
2 3
1 1
2 3
Case #9:
2 2
1 1
Case #10:
1 5
3 5
1 5
1 5
1 5
1 5
3 5
1 5
Case #11:
1 3
2 3
1 3
2 3
Case #12:
1 3
2 3
1 3
2 3
Case #13:
1 5
1 5
1 5
1 5
1 5
2 5
1 5
1 5
Case #14:
1 9
1 9
1 9
1 9
1 9
1 9
1 9
1 9
1 9
1 9
1 9
1 9
1 9
1 9
1 9
1 9
Case #15:
2 5
1 5
2 5
1 5
1 5
1 5
1 5
1 5
Case #16:
2 2
1 1
Case #17:
2 3
3 3
1 1
2 3
Case #18:
1 3
1 3
3 3
1 3
Case #19:
2 2
1 1
Case #20:
1 1
2 3
3 3
2 3
Case #21:
1 9
1 9
1 9
1 9
1 9
1 9
1 9
1 9
1 9
1 9
1 9
1 9
1 9
1 9
2 9
1 9
Case #22:
2 2
1 1
Case #23:
1 9
1 9
1 9
1 9
1 9
3 9
1 9
1 9
1 9
1 9
1 9
1 9
1 9
1 9
1 9
1 9
Case #24:
1 9
1 9
1 9
1 9
1 9
1 9
1 9
1 9
1 9
1 9
1 9
1 9
1 9
1 9
1 9
1 9
Case #25:
1 9
1 9
1 9
1 9
1 9
1 9
1 9
1 9
1 9
1 9
1 9
1 9
1 9
1 9
1 9
1 9
Case #26:
2 2
1 1
Case #27:
2 2
1 1
Case #28:
2 3
2 3
1 1
2 3
Case #29:
2 3
2 3
1 3
1 3
Case #30:
1 1
2 2
Case #31:
2 3
1 3
2 3
1 3
Case #32:
2 2
1 1
Case #33:
1 5
2 5
1 5
2 5
1 5
1 5
1 5
1 5
Case #34:
1 5
1 5
2 5
1 5
3 5
1 5
1 5
1 5
Case #35:
1 9
1 9
1 9
1 9
1 9
1 9
1 9
1 9
1 9
1 9
1 9
1 9
1 9
1 9
1 9
1 9
Case #36:
1 9
1 9
1 9
1 9
1 9
1 9
1 9
1 9
1 9
1 9
1 9
1 9
1 9
1 9
1 9
1 9
Case #37:
1 1
2 2
Case #38:
2 5
3 5
2 5
1 1
2 5
2 5
2 5
2 5
Case #39:
3 3
1 3
1 3
1 3
Case #40:
1 3
2 3
2 3
1 3
Case #41:
1 9
1 9
1 9
1 9
1 9
1 9
1 9
1 9
1 9
1 9
1 9
1 9
1 9
1 9
1 9
1 9
Case #42:
1 9
1 9
1 9
1 9
1 9
1 9
1 9
1 9
1 9
1 9
1 9
1 9
1 9
1 9
1 9
2 9
Case #43:
1 5
1 5
2 5
1 5
1 5
1 5
1 5
1 5
Case #44:
1 9
1 9
1 9
1 9
1 9
1 9
1 9
1 9
1 9
1 9
1 9
1 9
1 9
1 9
1 9
1 9
Case #45:
1 5
2 5
2 5
1 5
1 5
2 5
1 5
1 5
Case #46:
1 5
3 5
1 5
1 5
1 5
1 5
2 5
2 5
Case #47:
1 9
1 9
1 9
1 9
1 9
1 9
1 9
1 9
1 9
1 9
1 9
1 9
1 9
1 9
1 9
1 9
Case #48:
1 5
1 5
2 5
1 5
2 5
5 5
1 5
1 5
Case #49:
1 9
1 9
1 9
1 9
1 9
1 9
1 9
1 9
1 9
1 9
1 9
1 9
1 9
1 9
1 9
1 9
Case #50:
2 2
1 1
Case #51:
1 3
2 3
1 3
2 3
Case #52:
1 3
2 3
1 3
2 3
Case #53:
3 3
1 3
1 3
1 3
Case #54:
1 5
1 5
1 5
2 5
2 5
1 5
2 5
1 5
Case #55:
1 5
1 5
1 5
2 5
1 5
1 5
1 5
1 5
Case #56:
2 2
1 1
Case #57:
1 1
2 3
2 3
2 3
Case #58:
1 1
2 3
2 3
2 3
Case #59:
1 9
1 9
1 9
2 9
1 9
1 9
1 9
1 9
1 9
1 9
1 9
1 9
1 9
1 9
1 9
1 9
Case #60:
2 3
1 1
2 3
2 3
Case #61:
1 5
1 5
1 5
3 5
1 5
1 5
2 5
1 5
Case #62:
1 1
Case #63:
1 1
2 2
Case #64:
1 9
1 9
1 9
1 9
1 9
1 9
1 9
1 9
1 9
1 9
1 9
1 9
1 9
1 9
1 9
1 9
Case #65:
1 9
1 9
1 9
1 9
1 9
1 9
1 9
1 9
1 9
1 9
1 9
1 9
1 9
1 9
1 9
1 9
Case #66:
1 5
1 5
1 5
1 5
1 5
1 5
2 5
1 5
Case #67:
1 5
1 5
3 5
2 5
1 5
1 5
1 5
1 5
Case #68:
3 3
2 3
1 1
2 3
Case #69:
1 5
1 5
1 5
1 5
1 5
2 5
1 5
2 5
Case #70:
1 9
1 9
1 9
1 9
1 9
1 9
1 9
1 9
1 9
1 9
1 9
1 9
1 9
1 9
1 9
1 9
Case #71:
2 2
1 1
Case #72:
1 1
2 2
Case #73:
2 2
1 1
Case #74:
1 5
1 5
2 5
1 5
1 5
1 5
1 5
1 5
Case #75:
1 5
1 5
1 5
1 5
2 5
2 5
1 5
2 5
Case #76:
2 3
2 3
1 3
1 3
Case #77:
2 3
1 1
3 3
2 3
Case #78:
1 1
2 3
2 3
3 3
Case #79:
1 5
1 5
1 5
1 5
1 5
1 5
3 5
1 5
Case #80:
1 1
2 2
Case #81:
2 2
1 1
Case #82:
1 1
3 3
2 3
2 3
Case #83:
2 5
1 5
1 5
1 5
1 5
1 5
1 5
1 5
Case #84:
1 9
1 9
1 9
1 9
1 9
1 9
1 9
1 9
1 9
1 9
1 9
1 9
1 9
1 9
1 9
1 9
Case #85:
1 1
2 2
Case #86:
2 5
3 5
1 5
1 5
2 5
1 5
1 5
1 5
Case #87:
3 3
1 1
2 3
2 3
Case #88:
1 1
2 3
2 3
3 3
Case #89:
1 9
1 9
1 9
1 9
1 9
1 9
1 9
1 9
1 9
1 9
1 9
2 9
1 9
1 9
1 9
1 9
Case #90:
1 1
2 2
Case #91:
3 5
1 5
1 5
1 5
1 5
1 5
1 5
1 5
Case #92:
1 5
1 5
1 5
1 5
1 5
1 5
2 5
1 5
Case #93:
2 3
2 3
2 3
1 1
Case #94:
2 3
2 3
1 3
1 3
Case #95:
3 5
1 5
1 5
1 5
1 5
1 5
1 5
1 5
Case #96:
2 5
1 5
1 5
1 5
1 5
1 5
1 5
1 5
Case #97:
2 5
2 5
2 5
1 5
1 5
1 5
2 5
2 5
Case #98:
1 1
2 2
Case #99:
1 1
2 2
Case #100:
2 3
3 3
1 1
2 3
Case #101:
2 5
1 5
2 5
2 5
1 5
1 5
1 5
2 5
Case #102:
1 5
1 5
2 5
1 5
1 5
2 5
3 5
1 5
Case #103:
1 1
2 2
Case #104:
1 1
2 2
Case #105:
2 5
5 5
1 5
1 5
1 5
2 5
2 5
1 5
Case #106:
1 9
1 9
2 9
1 9
1 9
1 9
1 9
1 9
1 9
1 9
1 9
1 9
1 9
1 9
1 9
1 9
Case #107:
1 1
3 3
2 3
2 3
Case #108:
2 2
1 1
Case #109:
1 5
2 5
1 5
1 5
1 5
1 5
1 5
1 5
Case #110:
2 3
1 1
3 3
2 3
Case #111:
2 3
2 3
2 3
1 1
Case #112:
1 3
1 3
2 3
2 3
Case #113:
1 3
1 3
2 3
2 3
Case #114:
3 3
1 3
1 3
1 3
Case #115:
2 2
1 1
Case #116:
1 9
1 9
1 9
1 9
1 9
1 9
1 9
1 9
1 9
1 9
1 9
1 9
1 9
1 9
1 9
1 9
Case #117:
2 2
1 1
Case #118:
1 5
2 5
1 5
1 5
1 5
1 5
2 5
1 5
Case #119:
1 1
2 2
Case #120:
2 3
3 3
1 1
2 3
Case #121:
1 1
2 2
Case #122:
3 3
1 1
2 3
2 3
Case #123:
2 3
2 3
2 3
1 1
Case #124:
1 5
1 5
1 5
2 5
1 5
1 5
1 5
1 5
Case #125:
1 1
2 2
Case #126:
1 5
2 5
1 5
1 5
1 5
1 5
2 5
1 5
Case #127:
2 9
1 9
1 9
1 9
1 9
1 9
1 9
1 9
1 9
1 9
1 9
1 9
1 9
1 9
1 9
1 9
Case #128:
1 5
2 5
1 5
1 5
1 5
3 5
1 5
1 5
Case #129:
1 5
1 5
1 5
1 5
1 5
3 5
2 5
1 5
Case #130:
1 1
2 2
Case #131:
1 9
1 9
1 9
1 9
1 9
1 9
1 9
1 9
1 9
1 9
1 9
1 9
1 9
1 9
1 9
1 9
Case #132:
1 3
2 3
2 3
1 3
Case #133:
1 9
1 9
1 9
1 9
1 9
1 9
1 9
1 9
1 9
1 9
1 9
1 9
1 9
1 9
1 9
1 9
Case #134:
2 3
1 3
2 3
1 3
Case #135:
1 1
2 2
Case #136:
1 1
2 2
Case #137:
1 1
2 2
Case #138:
3 3
1 1
2 3
2 3
Case #139:
1 9
1 9
1 9
1 9
1 9
1 9
1 9
1 9
1 9
1 9
1 9
1 9
1 9
1 9
1 9
1 9
Case #140:
1 5
1 5
1 5
1 5
1 5
1 5
3 5
2 5
Case #141:
1 5
1 5
2 5
1 5
1 5
3 5
2 5
2 5
Case #142:
1 1
2 2
Case #143:
2 2
1 1
Case #144:
1 9
1 9
1 9
1 9
1 9
1 9
1 9
1 9
1 9
1 9
1 9
1 9
1 9
1 9
1 9
1 9
Case #145:
2 3
2 3
2 3
1 1
Case #146:
2 3
3 3
1 1
2 3
Case #147:
2 3
1 1
2 3
3 3
Case #148:
2 2
1 1
Case #149:
1 3
2 3
1 3
2 3
Case #150:
2 2
1 1
Case #151:
2 2
1 1
Case #152:
3 3
2 3
1 1
2 3
Case #153:
1 3
3 3
1 3
1 3
Case #154:
5 5
3 5
3 5
1 5
1 5
2 5
1 5
1 5
Case #155:
1 5
1 5
2 5
2 5
1 5
1 5
1 5
1 5
Case #156:
1 5
1 5
1 5
1 5
1 5
1 5
1 5
2 5
Case #157:
1 5
1 5
1 5
3 5
1 5
1 5
1 5
1 5
Case #158:
3 3
1 1
2 3
2 3
Case #159:
1 9
1 9
1 9
1 9
1 9
1 9
1 9
1 9
1 9
1 9
1 9
1 9
1 9
1 9
1 9
1 9
Case #160:
1 5
2 5
1 5
1 5
1 5
1 5
5 5
1 5
Case #161:
1 3
1 3
3 3
1 3
Case #162:
1 5
2 5
2 5
2 5
1 5
1 5
1 5
1 5
Case #163:
2 5
1 5
1 5
2 5
1 5
1 5
1 5
1 5
Case #164:
3 3
1 3
1 3
1 3
Case #165:
2 3
1 1
2 3
2 3
Case #166:
3 3
1 3
1 3
1 3
Case #167:
1 9
1 9
1 9
1 9
1 9
1 9
1 9
1 9
1 9
1 9
1 9
1 9
1 9
1 9
1 9
1 9
Case #168:
1 1
2 2
Case #169:
1 5
1 5
1 5
1 5
1 5
2 5
1 5
1 5
Case #170:
1 5
1 5
2 5
2 5
1 5
1 5
1 5
1 5
Case #171:
1 3
2 3
1 3
2 3
Case #172:
2 3
2 3
1 1
2 3
Case #173:
1 9
1 9
1 9
1 9
1 9
1 9
1 9
1 9
1 9
1 9
1 9
1 9
3 9
1 9
1 9
1 9
Case #174:
1 5
3 5
1 5
1 5
1 5
2 5
1 5
1 5
Case #175:
2 5
3 5
1 1
2 5
2 5
2 5
2 5
2 5
Case #176:
1 9
2 9
1 9
1 9
1 9
1 9
1 9
1 9
2 9
1 9
1 9
1 9
1 9
1 9
1 9
1 9
Case #177:
1 9
1 9
1 9
1 9
1 9
1 9
1 9
1 9
1 9
1 9
1 9
1 9
1 9
1 9
1 9
1 9
Case #178:
1 5
1 5
1 5
2 5
2 5
1 5
3 5
1 5
Case #179:
1 3
1 3
2 3
2 3
Case #180:
2 5
1 5
1 5
1 5
3 5
1 5
1 5
1 5
Case #181:
1 9
1 9
1 9
1 9
1 9
1 9
1 9
1 9
1 9
1 9
1 9
1 9
1 9
1 9
1 9
1 9
Case #182:
1 5
3 5
1 5
1 5
2 5
1 5
1 5
2 5
Case #183:
2 3
1 1
3 3
2 3
Case #184:
1 1
2 3
2 3
2 3
Case #185:
1 1
2 2
Case #186:
2 3
2 3
1 1
3 3
Case #187:
1 9
1 9
1 9
1 9
1 9
1 9
1 9
1 9
1 9
1 9
1 9
1 9
1 9
1 9
1 9
1 9
Case #188:
1 5
1 5
1 5
1 5
1 5
1 5
1 5
3 5
Case #189:
1 5
1 5
1 5
1 5
1 5
2 5
1 5
1 5
Case #190:
1 9
1 9
1 9
1 9
1 9
1 9
1 9
1 9
1 9
1 9
1 9
1 9
1 9
1 9
1 9
1 9
Case #191:
1 5
2 5
1 5
2 5
1 5
1 5
1 5
1 5
Case #192:
1 1
2 3
3 3
2 3
Case #193:
2 2
1 1
Case #194:
2 3
2 3
1 3
1 3
Case #195:
1 1
2 2
Case #196:
1 3
1 3
1 3
3 3
Case #197:
1 3
1 3
1 3
3 3
Case #198:
2 5
1 5
3 5
1 5
1 5
3 5
1 5
1 5
Case #199:
1 3
2 3
1 3
2 3
Case #200:
2 2
1 1
Case #201:
1 9
1 9
1 9
1 9
1 9
1 9
1 9
1 9
1 9
1 9
1 9
1 9
1 9
1 9
1 9
1 9
Case #202:
2 5
3 5
2 5
1 5
1 5
1 5
1 5
2 5
Case #203:
2 5
2 5
2 5
1 1
2 5
2 5
2 5
2 5
Case #204:
1 1
2 2
Case #205:
1 5
1 5
1 5
3 5
1 5
1 5
1 5
1 5
Case #206:
1 1
2 2
Case #207:
1 9
1 9
1 9
1 9
1 9
1 9
1 9
1 9
1 9
1 9
1 9
1 9
1 9
1 9
1 9
1 9
Case #208:
1 9
1 9
1 9
1 9
1 9
1 9
1 9
1 9
1 9
1 9
1 9
1 9
1 9
1 9
1 9
1 9
Case #209:
1 5
1 5
1 5
1 5
1 5
1 5
1 5
1 5
Case #210:
1 3
1 3
2 3
2 3
Case #211:
2 3
1 1
3 3
2 3
Case #212:
1 5
1 5
1 5
1 5
5 5
1 5
1 5
1 5
Case #213:
1 9
1 9
1 9
1 9
1 9
1 9
1 9
1 9
1 9
1 9
1 9
1 9
1 9
1 9
1 9
1 9
Case #214:
1 1
2 2
Case #215:
2 5
1 5
1 5
1 5
5 5
1 5
1 5
1 5
Case #216:
1 1
2 2
Case #217:
2 2
1 1
Case #218:
2 2
1 1
Case #219:
2 5
2 5
2 5
2 5
2 5
2 5
2 5
1 1
Case #220:
3 3
2 3
1 1
2 3
Case #221:
2 3
1 1
2 3
2 3
Case #222:
1 9
1 9
1 9
1 9
1 9
1 9
2 9
1 9
1 9
1 9
1 9
1 9
1 9
1 9
1 9
1 9
Case #223:
1 1
2 2
Case #224:
2 5
1 5
1 5
2 5
1 5
1 5
1 5
1 5
Case #225:
2 3
1 3
1 3
2 3
Case #226:
1 1
2 2
Case #227:
1 9
1 9
1 9
1 9
1 9
1 9
1 9
1 9
1 9
2 9
1 9
1 9
1 9
1 9
1 9
1 9
Case #228:
1 5
1 5
1 5
1 5
1 5
1 5
1 5
2 5
Case #229:
1 1
2 2
Case #230:
1 1
2 2
Case #231:
2 2
1 1
Case #232:
2 3
1 1
2 3
2 3
Case #233:
1 5
2 5
2 5
1 5
2 5
1 5
1 5
2 5
Case #234:
1 9
1 9
1 9
1 9
1 9
1 9
1 9
1 9
1 9
1 9
1 9
1 9
1 9
1 9
1 9
1 9
Case #235:
2 5
1 5
1 5
1 5
1 5
2 5
1 5
1 5
Case #236:
1 1
2 2
Case #237:
2 2
1 1
Case #238:
1 9
1 9
1 9
1 9
1 9
1 9
1 9
1 9
1 9
1 9
1 9
1 9
1 9
1 9
1 9
1 9
Case #239:
1 9
1 9
1 9
1 9
1 9
1 9
1 9
1 9
1 9
1 9
1 9
1 9
1 9
1 9
1 9
1 9
Case #240:
2 2
1 1
Case #241:
2 2
1 1
Case #242:
3 3
1 3
1 3
1 3
Case #243:
1 1
2 2
Case #244:
2 3
1 3
2 3
1 3
Case #245:
1 9
1 9
1 9
1 9
1 9
1 9
1 9
1 9
1 9
1 9
1 9
1 9
1 9
1 9
1 9
1 9
Case #246:
1 9
1 9
1 9
1 9
1 9
1 9
1 9
1 9
1 9
1 9
1 9
1 9
1 9
1 9
1 9
1 9
Case #247:
3 5
2 5
1 5
1 5
1 5
1 5
1 5
2 5
Case #248:
2 3
2 3
1 3
1 3
Case #249:
1 5
2 5
2 5
1 5
1 5
2 5
3 5
1 5
Case #250:
2 3
1 3
1 3
2 3
